1 241999040 0
1 0 96811846
1 0 28198359
1 0 26074220
1 0 20274618
2 382635838 0
2 0 87678035
2 0 25315611
2 0 27415657
2 0 21164380
3 291629372 0
3 0 87081349
3 0 27439742
3 0 21372652
3 0 22139671
3 0 24395748
4 130918331 0
4 0 109863853
4 0 29518559
4 0 26326149
5 131833110 0
5 0 106882485
5 0 26414187
5 0 21655845
6 161908098 0
6 0 88353050
6 0 108114500
6 0 116481301
6 0 29433897
6 0 21890244
7 219778584 0
7 0 117685819
7 0 25290499
7 0 22207938
8 152279330 0
8 0 88949037
8 0 105967169
8 0 26540555
8 0 29009581
9 132508986 0
9 0 89254497
9 0 96870145
9 0 25006360
9 0 20329381
9 0 27267861
10 200301465 0
10 0 88514679
10 0 23074076
10 0 26514477
10 0 23955876
11 148178856 0
11 0 118776464
11 0 22991281
11 0 29112418
11 0 20794668
12 122352561 0
12 0 85577082
12 0 22971057
12 0 27317393
13 182709668 0
13 0 121247424
13 0 22490839
13 0 25418298
13 0 26582426
14 122456466 0
14 0 105726119
14 0 25329713
14 0 25029501
15 85799285 0
15 0 79045317
15 0 24348496
15 0 22983224
16 3292711010 0
16 0 110945777
16 0 26269182
16 0 25423772
